Airfoil: FX 63-137 (C)
Builder: Y. Tinel
Comment: clean

Number of Reynolds #'s:
5

Average Reynolds #:
100019
Number of angles of attack:
21
 alpha  /   Cl   /  Cd   /  Spanwise Cd's >>>
 -7.24   -0.320   0.1437  0.1409   0.1452   0.1438   0.1436   0.1449   0.1435   0.1438   0.1441
 -6.23   -0.296   0.1195  0.1260   0.1217   0.1176   0.1148   0.1179   0.1187   0.1182   0.1209
 -5.19   -0.012   0.0411  0.0445   0.0416   0.0414   0.0391   0.0388   0.0396   0.0402   0.0436
 -4.14    0.120   0.0364  0.0367   0.0367   0.0378   0.0362   0.0356   0.0362   0.0359   0.0361
 -3.09    0.261   0.0353  0.0361   0.0366   0.0357   0.0352   0.0344   0.0347   0.0350   0.0349
 -2.05    0.394   0.0366  0.0367   0.0370   0.0370   0.0379   0.0360   0.0365   0.0360   0.0359
 -1.05    0.478   0.0414  0.0411   0.0415   0.0418   0.0414   0.0414   0.0417   0.0418   0.0405
  0.00    0.543   0.0469  0.0477   0.0468   0.0467   0.0476   0.0471   0.0474   0.0461   0.0460
  1.02    0.605   0.0517  0.0523   0.0516   0.0518   0.0520   0.0522   0.0516   0.0512   0.0503
  2.05    0.655   0.0587  0.0571   0.0579   0.0595   0.0600   0.0597   0.0596   0.0580   0.0577
  3.04    0.711   0.0655  0.0644   0.0651   0.0667   0.0670   0.0655   0.0674   0.0654   0.0628
  4.01    0.797   0.0760  0.0725   0.0742   0.0780   0.0794   0.0793   0.0774   0.0743   0.0726
  5.12    1.066   0.0501  0.0501   0.0511   0.0482   0.0494   0.0499   0.0496   0.0498   0.0528
  6.17    1.274   0.0380  0.0392   0.0387   0.0372   0.0356   0.0363   0.0367   0.0397   0.0406
  7.20    1.399   0.0341  0.0370   0.0339   0.0333   0.0311   0.0329   0.0325   0.0346   0.0377
  8.23    1.512   0.0319  0.0367   0.0316   0.0310   0.0294   0.0301   0.0309   0.0306   0.0352
  9.19    1.595   0.0314  0.0344   0.0306   0.0308   0.0303   0.0310   0.0314   0.0299   0.0332
 10.30    1.676   0.0332  0.0346   0.0325   0.0340   0.0329   0.0339   0.0339   0.0313   0.0328
 11.31    1.724   0.0369  0.0383   0.0363   0.0367   0.0353   0.0390   0.0382   0.0347   0.0365
 12.30    1.738   0.0435  0.0455   0.0403   0.0424   0.0387   0.0471   0.0513   0.0413   0.0415
 13.27    1.720   0.0566  0.0516   0.0479   0.0500   0.0479   0.0725   0.0753   0.0582   0.0495
Tabulated from data in file bm04997.dat & reduced using program C10.20

Average Reynolds #:
149988
Number of angles of attack:
21
 alpha  /   Cl   /  Cd   /  Spanwise Cd's >>>
 -7.15   -0.167   0.1111  0.1148   0.1140   0.1105   0.1066   0.1075   0.1079   0.1120   0.1156
 -6.16    0.013   0.0425  0.0440   0.0429   0.0418   0.0425   0.0402   0.0418   0.0423   0.0443
 -5.06    0.183   0.0273  0.0285   0.0274   0.0275   0.0280   0.0266   0.0264   0.0264   0.0274
 -4.08    0.326   0.0225  0.0234   0.0228   0.0225   0.0232   0.0225   0.0213   0.0226   0.0221
 -3.03    0.460   0.0191  0.0193   0.0195   0.0181   0.0210   0.0191   0.0174   0.0203   0.0182
 -2.04    0.564   0.0199  0.0202   0.0201   0.0195   0.0210   0.0203   0.0187   0.0202   0.0195
 -0.97    0.662   0.0208  0.0208   0.0214   0.0209   0.0215   0.0207   0.0199   0.0208   0.0202
  0.03    0.761   0.0213  0.0212   0.0218   0.0214   0.0220   0.0209   0.0206   0.0217   0.0209
  1.08    0.849   0.0221  0.0219   0.0227   0.0223   0.0227   0.0212   0.0219   0.0224   0.0216
  2.10    0.946   0.0221  0.0224   0.0224   0.0221   0.0221   0.0210   0.0220   0.0227   0.0223
  3.12    1.043   0.0219  0.0223   0.0222   0.0212   0.0216   0.0208   0.0219   0.0227   0.0226
  4.14    1.137   0.0215  0.0224   0.0217   0.0204   0.0206   0.0207   0.0211   0.0223   0.0226
  5.17    1.243   0.0216  0.0222   0.0224   0.0201   0.0203   0.0214   0.0215   0.0217   0.0231
  6.14    1.345   0.0218  0.0226   0.0218   0.0208   0.0206   0.0220   0.0216   0.0220   0.0230
  7.22    1.450   0.0224  0.0235   0.0221   0.0226   0.0214   0.0223   0.0222   0.0225   0.0229
  8.26    1.535   0.0234  0.0244   0.0224   0.0240   0.0226   0.0237   0.0234   0.0230   0.0234
  9.28    1.611   0.0249  0.0256   0.0242   0.0252   0.0242   0.0255   0.0254   0.0242   0.0245
 10.31    1.668   0.0274  0.0281   0.0269   0.0276   0.0265   0.0285   0.0281   0.0268   0.0265
 11.27    1.704   0.0320  0.0321   0.0313   0.0312   0.0311   0.0350   0.0332   0.0310   0.0311
 12.32    1.708   0.0413  0.0385   0.0374   0.0366   0.0391   0.0539   0.0500   0.0384   0.0365
 13.25    1.697   0.0542  0.0477   0.0446   0.0455   0.0560   0.0725   0.0718   0.0533   0.0420
Tabulated from data in file bm04999.dat & reduced using program C10.20

Average Reynolds #:
200082
Number of angles of attack:
22
 alpha  /   Cl   /  Cd   /  Spanwise Cd's >>>
 -7.13   -0.078   0.0888  0.0940   0.0914   0.0866   0.0862   0.0856   0.0857   0.0895   0.0918
 -6.11    0.112   0.0280  0.0297   0.0286   0.0274   0.0284   0.0263   0.0267   0.0270   0.0299
 -5.07    0.244   0.0198  0.0204   0.0204   0.0200   0.0200   0.0192   0.0189   0.0192   0.0201
 -4.04    0.358   0.0169  0.0168   0.0172   0.0169   0.0175   0.0170   0.0160   0.0172   0.0165
 -3.06    0.476   0.0142  0.0140   0.0144   0.0138   0.0150   0.0144   0.0138   0.0145   0.0140
 -2.01    0.588   0.0146  0.0141   0.0152   0.0147   0.0153   0.0151   0.0139   0.0148   0.0139
 -1.00    0.687   0.0154  0.0148   0.0156   0.0157   0.0162   0.0156   0.0148   0.0153   0.0150
  0.05    0.786   0.0160  0.0155   0.0161   0.0162   0.0166   0.0160   0.0157   0.0164   0.0153
  1.12    0.889   0.0165  0.0161   0.0164   0.0170   0.0170   0.0161   0.0169   0.0168   0.0159
  2.09    0.988   0.0167  0.0163   0.0166   0.0169   0.0170   0.0160   0.0173   0.0171   0.0166
  3.12    1.087   0.0170  0.0170   0.0173   0.0163   0.0170   0.0164   0.0173   0.0174   0.0174
  4.18    1.195   0.0173  0.0174   0.0177   0.0161   0.0168   0.0172   0.0171   0.0179   0.0179
  5.19    1.291   0.0172  0.0176   0.0174   0.0165   0.0162   0.0173   0.0170   0.0178   0.0177
  6.19    1.390   0.0179  0.0181   0.0181   0.0173   0.0170   0.0182   0.0178   0.0183   0.0184
  7.25    1.484   0.0190  0.0196   0.0186   0.0190   0.0184   0.0190   0.0190   0.0191   0.0193
  8.25    1.567   0.0201  0.0208   0.0194   0.0206   0.0196   0.0202   0.0203   0.0201   0.0201
  9.24    1.634   0.0219  0.0224   0.0212   0.0224   0.0214   0.0224   0.0221   0.0218   0.0217
 10.24    1.693   0.0252  0.0253   0.0243   0.0254   0.0251   0.0262   0.0259   0.0251   0.0243
 11.30    1.722   0.0305  0.0301   0.0292   0.0294   0.0308   0.0337   0.0320   0.0295   0.0290
 12.26    1.721   0.0403  0.0360   0.0339   0.0341   0.0418   0.0562   0.0515   0.0357   0.0332
 13.28    1.709   0.0571  0.0495   0.0458   0.0471   0.0617   0.0781   0.0769   0.0564   0.0412
 14.27    1.703   0.0762  0.0664   0.0639   0.0690   0.0822   0.0964   0.0955   0.0775   0.0586
Tabulated from data in file bm05001.dat & reduced using program C10.20

Average Reynolds #:
349958
Number of angles of attack:
23
 alpha  /   Cl   /  Cd   /  Spanwise Cd's >>>
 -8.22   -0.127   0.1162  0.1123   0.1141   0.1158   0.1145   0.1175   0.1174   0.1169   0.1212
 -7.15   -0.029   0.0709  0.0730   0.0708   0.0692   0.0684   0.0682   0.0696   0.0713   0.0764
 -6.16    0.130   0.0189  0.0197   0.0202   0.0190   0.0194   0.0171   0.0183   0.0184   0.0192
 -5.09    0.250   0.0145  0.0143   0.0146   0.0148   0.0147   0.0142   0.0143   0.0145   0.0147
 -4.00    0.374   0.0126  0.0119   0.0127   0.0133   0.0124   0.0127   0.0125   0.0129   0.0124
 -3.06    0.486   0.0109  0.0105   0.0111   0.0109   0.0109   0.0110   0.0107   0.0112   0.0110
 -2.03    0.605   0.0104  0.0100   0.0107   0.0103   0.0108   0.0104   0.0102   0.0106   0.0100
 -0.97    0.720   0.0107  0.0103   0.0110   0.0111   0.0111   0.0111   0.0103   0.0105   0.0103
  0.06    0.830   0.0113  0.0109   0.0114   0.0120   0.0117   0.0114   0.0112   0.0112   0.0109
  1.08    0.931   0.0117  0.0115   0.0113   0.0123   0.0124   0.0114   0.0119   0.0117   0.0110
  2.11    1.038   0.0121  0.0120   0.0114   0.0124   0.0124   0.0117   0.0130   0.0121   0.0117
  3.15    1.150   0.0125  0.0126   0.0122   0.0121   0.0127   0.0119   0.0132   0.0126   0.0130
  4.11    1.244   0.0131  0.0131   0.0131   0.0123   0.0128   0.0128   0.0134   0.0135   0.0139
  5.11    1.343   0.0138  0.0138   0.0139   0.0132   0.0131   0.0140   0.0136   0.0145   0.0141
  6.19    1.438   0.0145  0.0147   0.0144   0.0140   0.0138   0.0149   0.0141   0.0152   0.0147
  7.25    1.521   0.0153  0.0155   0.0151   0.0154   0.0150   0.0154   0.0153   0.0158   0.0153
  8.27    1.600   0.0172  0.0173   0.0167   0.0176   0.0170   0.0170   0.0175   0.0173   0.0169
  9.31    1.660   0.0196  0.0196   0.0187   0.0199   0.0193   0.0196   0.0206   0.0194   0.0194
 10.24    1.701   0.0235  0.0228   0.0223   0.0235   0.0234   0.0249   0.0247   0.0229   0.0232
 11.30    1.719   0.0311  0.0273   0.0264   0.0275   0.0328   0.0413   0.0370   0.0285   0.0280
 12.24    1.721   0.0439  0.0331   0.0328   0.0354   0.0538   0.0656   0.0592   0.0394   0.0322
 13.22    1.721   0.0614  0.0499   0.0473   0.0484   0.0658   0.0843   0.0829   0.0658   0.0469
 14.29    1.719   0.0812  0.0682   0.0654   0.0699   0.0828   0.1009   0.1025   0.0898   0.0704
Tabulated from data in file bm05003.dat & reduced using program C10.20

Average Reynolds #:
499818
Number of angles of attack:
23
 alpha  /   Cl   /  Cd   /  Spanwise Cd's >>>
 -8.29   -0.123   0.1132  0.1119   0.1123   0.1117   0.1113   0.1123   0.1132   0.1156   0.1175
 -7.15   -0.000   0.0550  0.0550   0.0560   0.0552   0.0539   0.0535   0.0541   0.0547   0.0578
 -6.11    0.147   0.0148  0.0149   0.0157   0.0144   0.0154   0.0139   0.0148   0.0148   0.0142
 -5.08    0.259   0.0123  0.0117   0.0122   0.0126   0.0127   0.0123   0.0126   0.0125   0.0122
 -4.09    0.381   0.0108  0.0102   0.0109   0.0115   0.0106   0.0110   0.0107   0.0109   0.0106
 -2.98    0.507   0.0094  0.0086   0.0097   0.0097   0.0092   0.0096   0.0094   0.0098   0.0092
 -1.96    0.630   0.0087  0.0084   0.0092   0.0087   0.0088   0.0089   0.0087   0.0086   0.0084
 -1.05    0.725   0.0090  0.0088   0.0093   0.0093   0.0092   0.0091   0.0086   0.0088   0.0087
  0.07    0.841   0.0096  0.0092   0.0097   0.0101   0.0099   0.0098   0.0095   0.0093   0.0090
  1.11    0.948   0.0100  0.0098   0.0099   0.0105   0.0103   0.0100   0.0105   0.0097   0.0093
  2.10    1.052   0.0106  0.0107   0.0102   0.0110   0.0108   0.0102   0.0114   0.0105   0.0103
  3.17    1.162   0.0109  0.0109   0.0104   0.0107   0.0111   0.0104   0.0117   0.0111   0.0114
  4.25    1.274   0.0116  0.0115   0.0115   0.0110   0.0115   0.0114   0.0119   0.0119   0.0126
  5.14    1.360   0.0124  0.0123   0.0126   0.0118   0.0118   0.0127   0.0123   0.0128   0.0130
  6.20    1.459   0.0135  0.0134   0.0135   0.0133   0.0127   0.0141   0.0134   0.0140   0.0139
  7.26    1.547   0.0147  0.0147   0.0144   0.0149   0.0142   0.0149   0.0149   0.0149   0.0149
  8.26    1.617   0.0166  0.0164   0.0159   0.0167   0.0163   0.0166   0.0175   0.0164   0.0166
  9.27    1.673   0.0197  0.0193   0.0186   0.0199   0.0194   0.0202   0.0212   0.0191   0.0197
 10.28    1.704   0.0249  0.0241   0.0231   0.0245   0.0242   0.0280   0.0270   0.0238   0.0242
 11.26    1.717   0.0338  0.0300   0.0263   0.0274   0.0365   0.0481   0.0448   0.0300   0.0275
 12.32    1.722   0.0505  0.0471   0.0399   0.0369   0.0483   0.0683   0.0718   0.0556   0.0364
 13.31    1.723   0.0675  0.0626   0.0510   0.0509   0.0661   0.0861   0.0889   0.0780   0.0568
 14.24    1.721   0.0800  0.0655   0.0597   0.0653   0.0797   0.0940   0.0986   0.0942   0.0826
Tabulated from data in file bm05005.dat & reduced using program C10.20

File fx63137_c.drg created using program C10.20 on Thu May 22 17:01:35 2003
